-2.9700 -0.3950 -1.1500
-1.8700 -1.8950 -1.1500
0.5800 -1.5950 -1.1500
2.9700 0.2550 -1.1500
2.0700 1.6850 -1.1500
-0.6700 1.8950 -1.1500
0.0000 2.9900 -2.4500
0.0000 2.8500 -2.3100
0.0000 2.7100 -2.1700
0.0000 2.5700 -2.0300
0.0000 2.4200 -1.8800
0.0000 2.2800 -1.7400
0.0000 2.1400 -1.6000
0.0000 2.0000 -1.4600
0.0000 1.8600 -1.3200
-0.1500 2.9900 -2.4500
-0.1500 2.8500 -2.3100
-0.1500 2.7100 -2.1700
-0.1500 2.5700 -2.0300
-0.1500 2.4200 -1.8800
-0.1500 2.2800 -1.7400
-0.1500 2.1400 -1.6000
-0.1500 2.0000 -1.4600
-0.1500 1.8600 -1.3200
-0.3000 2.9900 -2.4500
-0.3000 2.8500 -2.3100
-0.3000 2.7100 -2.1700
-0.3000 2.5700 -2.0300
-0.3000 2.4200 -1.8800
-0.3000 2.2800 -1.7400
-0.3000 2.1400 -1.6000
-0.3000 2.0000 -1.4600
-0.3000 1.8600 -1.3200
-0.4500 2.9900 -2.4500
-0.4500 2.8500 -2.3100
-0.4500 2.7100 -2.1700
-0.4500 2.5700 -2.0300
-0.4500 2.4200 -1.8800
-0.4500 2.2800 -1.7400
-0.4500 2.1400 -1.6000
-0.4500 2.0000 -1.4600
-0.4500 1.8600 -1.3200
-0.6000 2.9900 -2.4500
-0.6000 2.8500 -2.3100
-0.6000 2.7100 -2.1700
-0.6000 2.5700 -2.0300
-0.6000 2.4200 -1.8800
-0.6000 2.2800 -1.7400
-0.6000 2.1400 -1.6000
-0.6000 2.0000 -1.4600
-0.6000 1.8600 -1.3200
-0.7500 2.9900 -2.4500
-0.7500 2.8500 -2.3100
-0.7500 2.7100 -2.1700
-0.7500 2.5700 -2.0300
-0.7500 2.4200 -1.8800
-0.7500 2.2800 -1.7400
-0.7500 2.1400 -1.6000
-0.7500 2.0000 -1.4600
-0.7500 1.8600 -1.3200
-0.9000 2.9900 -2.4500
-0.9000 2.8500 -2.3100
-0.9000 2.7100 -2.1700
-0.9000 2.5700 -2.0300
-0.9000 2.4200 -1.8800
-0.9000 2.2800 -1.7400
-0.9000 2.1400 -1.6000
-0.9000 2.0000 -1.4600
-0.9000 1.8600 -1.3200
-1.0500 2.9900 -2.4500
-1.0500 2.8500 -2.3100
-1.0500 2.7100 -2.1700
-1.0500 2.5700 -2.0300
-1.0500 2.4200 -1.8800
-1.0500 2.2800 -1.7400
-1.0500 2.1400 -1.6000
-1.0500 2.0000 -1.4600
-1.0500 1.8600 -1.3200
-1.2000 2.9900 -2.4500
-1.2000 2.8500 -2.3100
-1.2000 2.7100 -2.1700
-1.2000 2.5700 -2.0300
-1.2000 2.4200 -1.8800
-1.2000 2.2800 -1.7400
-1.2000 2.1400 -1.6000
-1.2000 2.0000 -1.4600
-1.2000 1.8600 -1.3200
