85.0000 75.3000 -150.0000
95.0000 71.3300 -150.0000
105.0000 66.4200 -150.0000
115.0000 61.2800 -150.0000
125.0000 55.9600 -150.0000
135.0000 48.9600 -150.0000
145.0000 42.3100 -150.0000
155.0000 35.9900 -150.0000
165.0000 29.6000 -150.0000
175.0000 23.5800 -150.0000
185.0000 19.4600 -150.0000
195.0000 15.9500 -150.0000
205.0000 12.5600 -150.0000
245.0000 6.2800 -150.0000
255.0000 5.3300 -150.0000
265.0000 4.5500 -150.0000
275.0000 3.6900 -150.0000
285.0000 2.9100 -150.0000
295.0000 2.5700 -150.0000
305.0000 2.3400 -150.0000
315.0000 2.5800 -150.0000
325.0000 2.4600 -150.0000
335.0000 2.3500 -150.0000
345.0000 2.3600 -150.0000
355.0000 2.7500 -150.0000
365.0000 3.2400 -150.0000
85.0000 76.8000 -150.0000
95.0000 72.8300 -150.0000
105.0000 67.9200 -150.0000
115.0000 62.7800 -150.0000
125.0000 57.4600 -150.0000
135.0000 50.4600 -150.0000
145.0000 43.8100 -150.0000
155.0000 37.4900 -150.0000
165.0000 31.1000 -150.0000
175.0000 25.0800 -150.0000
185.0000 20.9600 -150.0000
195.0000 17.4500 -150.0000
205.0000 14.0600 -150.0000
245.0000 7.7800 -150.0000
255.0000 6.8300 -150.0000
265.0000 6.0500 -150.0000
275.0000 5.1900 -150.0000
285.0000 4.4100 -150.0000
295.0000 4.0700 -150.0000
305.0000 3.8400 -150.0000
315.0000 4.0800 -150.0000
325.0000 3.9600 -150.0000
335.0000 3.8500 -150.0000
345.0000 3.8600 -150.0000
355.0000 4.2500 -150.0000
365.0000 4.7400 -150.0000
85.0000 78.8000 -150.0000
95.0000 74.8300 -150.0000
105.0000 69.9200 -150.0000
115.0000 64.7800 -150.0000
125.0000 59.4600 -150.0000
135.0000 52.4600 -150.0000
145.0000 45.8100 -150.0000
155.0000 39.4900 -150.0000
165.0000 33.1000 -150.0000
175.0000 27.0800 -150.0000
185.0000 22.9600 -150.0000
195.0000 19.4500 -150.0000
205.0000 16.0600 -150.0000
245.0000 9.7800 -150.0000
255.0000 8.8300 -150.0000
265.0000 8.0500 -150.0000
275.0000 7.1900 -150.0000
285.0000 6.4100 -150.0000
295.0000 6.0700 -150.0000
305.0000 5.8400 -150.0000
315.0000 6.0800 -150.0000
325.0000 5.9600 -150.0000
335.0000 5.8500 -150.0000
345.0000 5.8600 -150.0000
355.0000 6.2500 -150.0000
365.0000 6.7400 -150.0000
85.0000 83.8000 -150.0000
95.0000 79.8300 -150.0000
105.0000 74.9200 -150.0000
115.0000 69.7800 -150.0000
125.0000 64.4600 -150.0000
135.0000 57.4600 -150.0000
145.0000 50.8100 -150.0000
155.0000 44.4900 -150.0000
165.0000 38.1000 -150.0000
175.0000 32.0800 -150.0000
185.0000 27.9600 -150.0000
195.0000 24.4500 -150.0000
205.0000 21.0600 -150.0000
245.0000 14.7800 -150.0000
255.0000 13.8300 -150.0000
265.0000 13.0500 -150.0000
275.0000 12.1900 -150.0000
285.0000 11.4100 -150.0000
295.0000 11.0700 -150.0000
305.0000 10.8400 -150.0000
315.0000 11.0800 -150.0000
325.0000 10.9600 -150.0000
335.0000 10.8500 -150.0000
345.0000 10.8600 -150.0000
355.0000 11.2500 -150.0000
365.0000 11.7400 -150.0000
85.0000 93.8000 -150.0000
95.0000 89.8300 -150.0000
105.0000 84.9200 -150.0000
115.0000 79.7800 -150.0000
125.0000 74.4600 -150.0000
135.0000 67.4600 -150.0000
145.0000 60.8100 -150.0000
155.0000 54.4900 -150.0000
165.0000 48.1000 -150.0000
175.0000 42.0800 -150.0000
185.0000 37.9600 -150.0000
195.0000 34.4500 -150.0000
205.0000 31.0600 -150.0000
245.0000 24.7800 -150.0000
255.0000 23.8300 -150.0000
265.0000 23.0500 -150.0000
275.0000 22.1900 -150.0000
285.0000 21.4100 -150.0000
295.0000 21.0700 -150.0000
305.0000 20.8400 -150.0000
315.0000 21.0800 -150.0000
325.0000 20.9600 -150.0000
335.0000 20.8500 -150.0000
345.0000 20.8600 -150.0000
355.0000 21.2500 -150.0000
365.0000 21.7400 -150.0000
325.0000 9.1200 -150.0000
324.9375 12.6558 -150.0000
324.7500 16.1873 -150.0000
324.4377 19.7099 -150.0000
324.0011 23.2192 -150.0000
323.4406 26.7109 -150.0000
322.7571 30.1806 -150.0000
321.9513 33.6240 -150.0000
321.0242 37.0367 -150.0000
319.9771 40.4146 -150.0000
318.8112 43.7532 -150.0000
317.5279 47.0486 -150.0000
316.1290 50.2965 -150.0000
314.6161 53.4930 -150.0000
312.9911 56.6339 -150.0000
311.2560 59.7154 -150.0000
309.4131 62.7337 -150.0000
307.4646 65.6849 -150.0000
305.4130 68.5653 -150.0000
303.2608 71.3715 -150.0000
301.0108 74.0997 -150.0000
298.6656 76.7467 -150.0000
296.2284 79.3091 -150.0000
293.7021 81.7838 -150.0000
291.0898 84.1675 -150.0000
288.3949 86.4574 -150.0000
285.6208 88.6506 -150.0000
282.7708 90.7444 -150.0000
279.8485 92.7360 -150.0000
276.8577 94.6231 -150.0000
273.8020 96.4032 -150.0000
270.6853 98.0742 -150.0000
267.5114 99.6340 -150.0000
264.2844 101.0805 -150.0000
261.0083 102.4120 -150.0000
257.6871 103.6269 -150.0000
254.3250 104.7236 -150.0000
250.9263 105.7007 -150.0000
247.4951 106.5570 -150.0000
244.0358 107.2915 -150.0000
240.5527 107.9032 -150.0000
237.0502 108.3913 -150.0000
233.5325 108.7553 -150.0000
230.0042 108.9947 -150.0000
226.4697 109.1092 -150.0000
222.9333 109.0986 -150.0000
219.3995 108.9630 -150.0000
215.8727 108.7026 -150.0000
212.3573 108.3176 -150.0000
208.8577 107.8085 -150.0000
205.3784 107.1761 -150.0000
201.9235 106.4210 -150.0000
198.4975 105.5442 -150.0000
195.1047 104.5468 -150.0000
191.7492 103.4300 -150.0000
188.4354 102.1954 -150.0000
185.1672 100.8443 -150.0000
181.9489 99.3785 -150.0000
178.7844 97.7999 -150.0000
175.6777 96.1103 -150.0000
172.6327 94.3119 -150.0000
169.6532 92.4070 -150.0000
166.7429 90.3980 -150.0000
163.9055 88.2873 -150.0000
161.1444 86.0776 -150.0000
158.4632 83.7716 -150.0000
155.8653 81.3723 -150.0000
153.3538 78.8826 -150.0000
150.9319 76.3057 -150.0000
148.6026 73.6447 -150.0000
146.3689 70.9031 -150.0000
144.2335 68.0842 -150.0000
142.1991 65.1915 -150.0000
140.2683 62.2287 -150.0000
138.4434 59.1995 -150.0000
136.7268 56.1077 -150.0000
135.1206 52.9571 -150.0000
275.0000 9.1200 -150.0000
274.9688 10.8870 -150.0000
274.8751 12.6519 -150.0000
274.7191 14.4123 -150.0000
274.5010 16.1662 -150.0000
274.2211 17.9112 -150.0000
273.8796 19.6452 -150.0000
273.4771 21.3661 -150.0000
273.0141 23.0717 -150.0000
272.4910 24.7598 -150.0000
271.9086 26.4284 -150.0000
271.2676 28.0754 -150.0000
270.5688 29.6987 -150.0000
269.8131 31.2963 -150.0000
269.0013 32.8662 -150.0000
268.1346 34.4064 -150.0000
267.2140 35.9151 -150.0000
266.2407 37.3902 -150.0000
265.2158 38.8300 -150.0000
264.1407 40.2328 -150.0000
263.0167 41.5966 -150.0000
261.8452 42.9199 -150.0000
260.6277 44.2009 -150.0000
259.3656 45.4381 -150.0000
258.0606 46.6299 -150.0000
256.7143 47.7749 -150.0000
255.3284 48.8716 -150.0000
253.9046 49.9186 -150.0000
252.4447 50.9146 -150.0000
250.9505 51.8584 -150.0000
249.4238 52.7488 -150.0000
247.8667 53.5848 -150.0000
246.2810 54.3651 -150.0000
244.6687 55.0889 -150.0000
243.0318 55.7553 -150.0000
241.3724 56.3635 -150.0000
239.6925 56.9126 -150.0000
237.9943 57.4020 -150.0000
236.2798 57.8310 -150.0000
234.5513 58.1992 -150.0000
232.8108 58.5061 -150.0000
231.0606 58.7513 -150.0000
229.3028 58.9345 -150.0000
227.5396 59.0555 -150.0000
225.7732 59.1140 -150.0000
224.0059 59.1101 -150.0000
222.2398 59.0438 -150.0000
220.4772 58.9150 -150.0000
218.7202 58.7241 -150.0000
216.9710 58.4711 -150.0000
215.2319 58.1566 -150.0000
213.5050 57.7807 -150.0000
211.7925 57.3441 -150.0000
210.0965 56.8472 -150.0000
208.4190 56.2907 -150.0000
206.7623 55.6752 -150.0000
205.1284 55.0016 -150.0000
203.5193 54.2706 -150.0000
201.9371 53.4833 -150.0000
200.3836 52.6405 -150.0000
198.8609 51.7433 -150.0000
197.3709 50.7929 -150.0000
195.9154 49.7905 -150.0000
194.4962 48.7372 -150.0000
193.1152 47.6344 -150.0000
191.7740 46.4835 -150.0000
190.4743 45.2859 -150.0000
189.2177 44.0431 -150.0000
188.0058 42.7567 -150.0000
186.8402 41.4283 -150.0000
185.7222 40.0595 -150.0000
184.6533 38.6521 -150.0000
183.6348 37.2077 -150.0000
182.6680 35.7283 -150.0000
181.7541 34.2156 -150.0000
180.8942 32.6716 -150.0000
180.0894 31.0981 -150.0000
179.3407 29.4972 -150.0000
178.6491 27.8708 -150.0000
178.0154 26.2210 -150.0000
